$ANSIBLE_VAULT;1.1;AES256
39303133356566313062343535346565663065623733623538666136393632613562306633613536
3735393762303231303436323938316662383834366531310a326235306463626138656561663533
61313334643038643664323430643837323364313839346230376538326264393932616461616633
3936363163306432350a623165306635616162343132346634383931616338303536383038626336
65656630363666383831653331306439643266623537613464646634653765336461663639633737
38303234346166383464636561306530623633386661653261353837363664393130333935626430
62376162663465386332643661393963393364646534626631633738366432333461353362313237
34346266666561373037333538356561616531353661346566633433306465366435626532646361
39633031663134663865303063656566363366313462643666336331396137316165373863616163
63336261306163326638396163356437343034363562346430333661343131386338643230643964
31343637666135643564623563336632663833346430616365303538616234356236363166353034
34383866373562383261376238626161613464613933333063323365393666623737643133663434
34646339343762366366306338343930656361663738366466626661336532376534616436323534
66623064613464643933363366323263336332323530323565303736633837323735653435643536
38343562633163323330653066616163333162313438343464333231333539376538633765383036
65613931623034363238303764383732363831303461663337393965383931663737626532663436
34613031303736313565653831326233613237363135633862356631313534353261653037316338
36646166373839623161393632343330353562663238613865366364343334393238373161393039
37353737613661343438646539663264306337353464383563643434393431306531363236326130
34396438306536366334643832393737306339386436643635623432316162316339323362663131
33323933636232646237383734303238653931623566386635663839623532646265316366646137
66383939316663323531343734336135643163366337383435656435623864666635376135666539
37346130646561366263313136646332323433663065313233306434323631383066633431313533
38376562626562623864636535386665666335613665626535643662303164646566373361626639
6162
